V 54
K 1
D 0 -3302000 3302000 0
Y 1
U 2921000 762000 254000 0 2 3 REFDES=J?
U 2921000 508000 254000 0 2 3 DEVICE=12401832E402A
U 2921000 254000 254000 0 2 0 PKG_TYPE=12401832E402A
U 2921000 0 254000 0 2 0 Description=USB3.2 GEN2, Type C, Top mount, CH 1.58mm, Dual Row SMT
U 2921000 -254000 254000 0 2 0 Datasheet Link=https://cdn.amphenol-cs.com/media/wysiwyg/files/documentation/datasheet/inputoutput/io_usb_type_c.pdf
U 2921000 -508000 254000 0 2 0 Height=3.53
U 2921000 -762000 254000 0 2 0 Mouser Part Number=523-12401832E402A
U 2921000 -1016000 254000 0 2 0 Mouser Price/Stock=https://www.mouser.co.uk/ProductDetail/Amphenol-Commercial-Products/12401832E402A?qs=5aG0NVq1C4zkz1mXTcv%2FVQ%3D%3D
U 2921000 -1270000 254000 0 2 0 Manufacturer_Name=Amphenol Communications Solutions
U 2921000 -1524000 254000 0 2 0 Manufacturer_Part_Number=12401832E402A
U 0 0 254000 0 1 0 FORWARD_PCB=1
l 5 508000 254000 2794000 254000 2794000 -3556000 508000 -3556000 508000 254000
|GRPHSTL -1 -1 -1 1
P 1 0 0 508000 0 0 2 0
L 584200 0 228600 0 2 0 1 0 GND_1
A 355600 50800 203200 0 9 3 #=A1
A 0 0 9 0 3 0 PINTYPE=BI
P 2 0 -254000 508000 -254000 0 2 0
L 584200 -254000 228600 0 2 0 1 0 TX1+
A 355600 -203200 203200 0 9 3 #=A2
A 0 0 9 0 3 0 PINTYPE=BI
P 3 0 -508000 508000 -508000 0 2 0
L 584200 -508000 228600 0 2 0 1 0 TX1-
A 355600 -457200 203200 0 9 3 #=A3
A 0 0 9 0 3 0 PINTYPE=BI
P 4 0 -762000 508000 -762000 0 2 0
L 584200 -762000 228600 0 2 0 1 0 VBUS_1
A 355600 -711200 203200 0 9 3 #=A4
A 0 0 9 0 3 0 PINTYPE=BI
P 5 0 -1016000 508000 -1016000 0 2 0
L 584200 -1016000 228600 0 2 0 1 0 CC1
A 355600 -965200 203200 0 9 3 #=A5
A 0 0 9 0 3 0 PINTYPE=BI
P 6 0 -1270000 508000 -1270000 0 2 0
L 584200 -1270000 228600 0 2 0 1 0 D+_1
A 355600 -1219200 203200 0 9 3 #=A6
A 0 0 9 0 3 0 PINTYPE=BI
P 7 0 -1524000 508000 -1524000 0 2 0
L 584200 -1524000 228600 0 2 0 1 0 D-_1
A 355600 -1473200 203200 0 9 3 #=A7
A 0 0 9 0 3 0 PINTYPE=BI
P 8 0 -1778000 508000 -1778000 0 2 0
L 584200 -1778000 228600 0 2 0 1 0 SBU1
A 355600 -1727200 203200 0 9 3 #=A8
A 0 0 9 0 3 0 PINTYPE=BI
P 9 0 -2032000 508000 -2032000 0 2 0
L 584200 -2032000 228600 0 2 0 1 0 VBUS_2
A 355600 -1981200 203200 0 9 3 #=A9
A 0 0 9 0 3 0 PINTYPE=BI
P 10 0 -2286000 508000 -2286000 0 2 0
L 584200 -2286000 228600 0 2 0 1 0 RX2-
A 355600 -2235200 203200 0 9 3 #=A10
A 0 0 9 0 3 0 PINTYPE=BI
P 11 0 -2540000 508000 -2540000 0 2 0
L 584200 -2540000 228600 0 2 0 1 0 RX2+
A 355600 -2489200 203200 0 9 3 #=A11
A 0 0 9 0 3 0 PINTYPE=BI
P 12 0 -2794000 508000 -2794000 0 2 0
L 584200 -2794000 228600 0 2 0 1 0 GND_2
A 355600 -2743200 203200 0 9 3 #=A12
A 0 0 9 0 3 0 PINTYPE=BI
P 13 0 -3048000 508000 -3048000 0 2 0
L 584200 -3048000 228600 0 2 0 1 0 GND_3
A 355600 -2997200 203200 0 9 3 #=B1
A 0 0 9 0 3 0 PINTYPE=BI
P 14 0 -3302000 508000 -3302000 0 2 0
L 584200 -3302000 228600 0 2 0 1 0 TX2+
A 355600 -3251200 203200 0 9 3 #=B2
A 0 0 9 0 3 0 PINTYPE=BI
P 15 3302000 0 2794000 0 0 3 0
L 2717800 0 228600 0 8 0 1 0 TX2-
A 2946400 50800 203200 0 3 3 #=B3
A 0 0 9 0 3 0 PINTYPE=BI
P 16 3302000 -254000 2794000 -254000 0 3 0
L 2717800 -254000 228600 0 8 0 1 0 VBUS_3
A 2946400 -203200 203200 0 3 3 #=B4
A 0 0 9 0 3 0 PINTYPE=BI
P 17 3302000 -508000 2794000 -508000 0 3 0
L 2717800 -508000 228600 0 8 0 1 0 CC2
A 2946400 -457200 203200 0 3 3 #=B5
A 0 0 9 0 3 0 PINTYPE=BI
P 18 3302000 -762000 2794000 -762000 0 3 0
L 2717800 -762000 228600 0 8 0 1 0 D+_2
A 2946400 -711200 203200 0 3 3 #=B6
A 0 0 9 0 3 0 PINTYPE=BI
P 19 3302000 -1016000 2794000 -1016000 0 3 0
L 2717800 -1016000 228600 0 8 0 1 0 D-_2
A 2946400 -965200 203200 0 3 3 #=B7
A 0 0 9 0 3 0 PINTYPE=BI
P 20 3302000 -1270000 2794000 -1270000 0 3 0
L 2717800 -1270000 228600 0 8 0 1 0 SBU2
A 2946400 -1219200 203200 0 3 3 #=B8
A 0 0 9 0 3 0 PINTYPE=BI
P 21 3302000 -1524000 2794000 -1524000 0 3 0
L 2717800 -1524000 228600 0 8 0 1 0 VBUS_4
A 2946400 -1473200 203200 0 3 3 #=B9
A 0 0 9 0 3 0 PINTYPE=BI
P 22 3302000 -1778000 2794000 -1778000 0 3 0
L 2717800 -1778000 228600 0 8 0 1 0 RX1-
A 2946400 -1727200 203200 0 3 3 #=B10
A 0 0 9 0 3 0 PINTYPE=BI
P 23 3302000 -2032000 2794000 -2032000 0 3 0
L 2717800 -2032000 228600 0 8 0 1 0 RX1+
A 2946400 -1981200 203200 0 3 3 #=B11
A 0 0 9 0 3 0 PINTYPE=BI
P 24 3302000 -2286000 2794000 -2286000 0 3 0
L 2717800 -2286000 228600 0 8 0 1 0 GND_4
A 2946400 -2235200 203200 0 3 3 #=B12
A 0 0 9 0 3 0 PINTYPE=BI
P 25 3302000 -2540000 2794000 -2540000 0 3 0
L 2717800 -2540000 228600 0 8 0 1 0 MH1
A 2946400 -2489200 203200 0 3 3 #=MH1
A 0 0 9 0 3 0 PINTYPE=BI
P 26 3302000 -2794000 2794000 -2794000 0 3 0
L 2717800 -2794000 228600 0 8 0 1 0 MH2
A 2946400 -2743200 203200 0 3 3 #=MH2
A 0 0 9 0 3 0 PINTYPE=BI
P 27 3302000 -3048000 2794000 -3048000 0 3 0
L 2717800 -3048000 228600 0 8 0 1 0 MH3
A 2946400 -2997200 203200 0 3 3 #=MH3
A 0 0 9 0 3 0 PINTYPE=BI
P 28 3302000 -3302000 2794000 -3302000 0 3 0
L 2717800 -3302000 228600 0 8 0 1 0 MH4
A 2946400 -3251200 203200 0 3 3 #=MH4
A 0 0 9 0 3 0 PINTYPE=BI
E
